369	378	300	84	140	262	292	789
392	518	363	101	142	268	353	874
396	520	439	106	145	266	360	857
388	519	414	99	144	260	356	837
405	496	419	103	117	208	356	890
321	458	409	107	100	113	305	821
309	280	358	90	99	84	247	822
306	239	246	76	103	70	238	784
294	214	188	78	97	74	242	797
260	199	171	72	95	77	237	803
265	157	165	67	107	74	219	845
272	147	164	71	102	71	200	768
270	157	177	78	96	72	209	807
303	155	205	74	91	61	193	725
289	175	183	70	123	50	192	671
324	179	173	67	117	47	231	680
319	187	187	69	112	56	263	679
314	214	178	57	114	64	247	639
284	210	153	51	115	65	246	638
304	206	180	57	69	65	244	613
340	215	236	67	58	67	214	796
341	207	241	69	61	68	195	846
353	172	243	70	54	58	197	860
352	187	302	81	52	57	205	852
354	195	286	77	53	58	207	899
285	184	254	69	65	55	185	667
278	179	245	64	75	49	160	631
322	176	299	70	76	45	157	567
337	161	251	61	77	50	181	629
338	146	259	60	76	48	175	530
330	144	249	57	76	49	184	547
327	171	256	57	74	47	178	529
308	179	213	58	76	48	191	649
293	177	209	52	77	42	160	625
271	188	231	65	86	41	159	620
276	198	247	68	86	47	195	708
268	175	228	68	83	48	198	689
241	190	234	60	85	47	181	568
239	184	230	61	93	46	182	564
235	173	189	45	89	47	174	582
255	181	165	45	110	59	123	503
280	207	197	43	121	61	108	480
285	236	217	54	121	61	103	496
303	258	216	57	113	62	141	553
308	260	221	58	115	62	175	662
302	254	230	56	104	46	191	660
278	235	230	59	87	37	188	664
283	193	179	58	85	37	190	681
261	166	182	56	90	35	173	734
260	155	181	57	144	34	144	624
290	234	176	56	138	33	120	642
324	265	192	61	152	32	124	632
294	262	193	61	152	31	119	692
287	273	191	64	156	34	125	560
296	277	225	61	110	36	116	542
292	225	228	66	130	40	166	587
250	197	241	66	115	40	171	610
240	209	251	59	111	40	174	530
269	206	260	58	109	40	160	552
306	240	237	65	112	37	163	572
276	224	244	66	84	36	140	577
275	214	245	62	82	35	129	546
296	201	236	63	87	37	147	547
280	217	244	71	98	35	157	568
234	178	237	65	98	37	161	578
233	179	249	66	91	32	139	625
243	176	248	69	98	34	142	679
237	174	249	68	102	53	129	710
258	139	225	58	99	65	121	714
293	128	228	59	109	67	108	721
288	140	231	53	118	69	151	680
315	142	190	51	116	73	152	736
364	170	194	52	115	63	156	712
361	188	197	55	106	50	149	698
352	200	195	55	94	52	156	663
363	185	163	66	87	48	127	647
357	189	158	64	93	44	138	643
320	191	147	61	106	40	134	651
297	213	147	63	108	38	145	720
294	234	204	69	100	30	138	724
296	242	202	63	96	29	129	656
257	247	194	60	93	30	140	573
228	223	187	63	93	32	154	628
278	197	191	61	91	32	144	508
308	189	140	54	87	35	150	527
290	183	137	49	90	39	162	583
303	170	160	50	90	45	149	604
351	179	173	55	70	44	137	628
327	187	183	55	66	44	134	639
307	167	207	57	67	45	136	657
320	163	206	58	71	44	135	708
315	162	193	58	74	41	152	735
260	172	181	51	70	44	146	687
244	155	182	53	69	44	150	730
206	167	184	50	71	43	148	732
176	162	185	49	73	40	138	684
168	213	211	51	70	37	118	700
166	224	215	54	67	33	118	668
157	227	202	49	73	38	122	622
184	230	171	47	80	38	117	615
222	245	168	59	88	38	111	575
233	210	136	56	84	36	117	527
294	237	140	53	87	35	115	505
314	247	145	57	82	35	153	564
293	235	146	58	100	35	167	534
274	218	150	47	98	37	165	534
276	215	165	49	101	42	153	488
270	165	174	57	108	43	159	519
280	148	191	56	116	38	113	451
296	152	191	57	105	40	112	546
293	162	195	60	98	41	129	607
299	183	206	66	103	36	137	604
257	219	203	64	97	34	126	594
238	213	215	64	89	36	134	593
243	211	215	64	93	35	120	564
246	232	210	64	110	33	101	475
232	213	209	60	99	31	100	483
258	190	221	64	101	32	110	527
278	189	190	63	107	32	107	553
260	176	200	62	95	35	114	497
280	169	226	60	67	37	109	488
284	168	226	59	70	39	115	486
270	140	202	49	74	40	125	544
280	143	214	54	64	39	122	543
303	212	198	53	60	37	111	571
306	201	169	59	63	35	118	603
298	226	132	58	87	33	100	621
281	257	142	59	92	35	96	525
286	261	138	57	92	34	100	512
270	215	135	58	93	33	113	543
249	215	148	57	103	35	128	575
253	191	182	65	94	37	135	557
250	171	203	67	87	37	134	601
213	181	191	66	88	40	153	654
255	197	198	65	97	42	150	683
248	194	197	58	92	42	148	634
244	209	218	50	86	43	154	671
263	212	202	48	80	42	157	624
293	202	198	45	78	42	145	588
256	184	205	45	77	36	138	517
276	182	223	50	73	34	130	539
276	187	177	48	67	31	120	531
269	172	186	46	71	27	104	516
224	171	199	46	104	30	103	504
209	188	204	48	100	31	126	454
184	187	188	52	99	33	125	499
205	174	200	50	102	36	138	458
214	163	195	52	104	38	139	476
213	183	194	53	89	35	134	506
214	181	225	53	88	36	118	545
281	175	220	49	94	40	142	484
267	161	210	48	97	42	139	545
283	194	210	48	94	41	149	542
315	184	229	51	78	41	150	512
319	170	219	56	76	41	144	479
265	177	221	64	78	39	132	560
262	181	213	65	72	35	135	485
225	172	223	69	68	34	133	472
219	187	209	66	67	32	130	464
221	181	187	62	64	35	145	491
223	203	182	51	63	32	134	436
241	220	186	50	66	33	118	429
264	229	168	48	79	39	123	459
297	212	158	58	79	39	124	443
287	255	159	55	81	36	109	397
307	241	166	58	79	38	122	472
289	222	173	58	78	37	126	487
295	198	169	63	68	36	113	525
258	196	166	57	73	36	109	564
304	149	173	61	77	36	104	573
304	137	161	59	75	34	79	471
320	158	152	60	68	33	76	459
297	167	158	53	75	38	85	415
324	200	161	55	85	38	81	386
297	192	122	56	89	40	93	385
273	196	156	58	89	41	97	407
263	181	181	56	103	44	117	404
262	169	170	57	99	40	115	434
227	155	181	54	91	40	115	440
233	160	181	50	81	37	107	462
229	161	156	50	78	35	107	453
223	158	149	47	66	33	83	484
222	167	162	55	68	48	77	434
212	155	167	59	65	50	80	435
202	154	174	62	67	54	80	418
220	173	176	59	76	54	86	406
238	181	163	59	78	53	87	390
305	166	162	52	79	42	91	392
293	153	144	48	82	42	103	374
287	194	159	46	79	40	110	380
283	178	156	49	72	43	112	394
313	186	152	52	69	45	105	367
251	189	138	54	105	41	101	357
244	182	141	58	114	40	108	327
244	181	147	54	115	45	125	328
256	181	173	60	117	45	117	310
224	179	175	59	115	64	126	317
226	204	175	58	93	68	139	372
265	217	188	54	79	66	132	373
309	183	178	58	86	64	110	385
287	195	149	56	95	63	113	390
280	180	141	55	93	52	109	370
341	166	155	54	82	52	94	364
329	160	187	62	83	57	94	381
319	179	190	67	81	66	100	343
320	209	195	65	71	71	103	368
316	215	193	65	85	64	105	397
238	214	243	69	85	64	102	407
222	227	219	63	80	60	91	416
186	209	209	56	81	48	83	446
188	160	224	57	90	43	74	449
247	220	229	59	83	44	73	438
278	216	164	53	82	38	74	415
266	195	141	52	87	37	77	389
255	191	171	56	92	37	88	410
275	203	181	60	80	41	90	414
263	137	194	71	77	42	87	401
229	130	199	74	104	41	87	454
226	125	195	72	110	44	98	449
240	128	170	68	107	44	92	419
233	121	167	62	115	35	104	390
206	125	165	46	119	33	99	386
216	117	160	40	106	34	99	320
235	121	193	45	99	33	95	319
229	131	206	44	111	33	91	343
250	112	182	46	109	32	77	360
243	114	173	47	103	33	87	381
303	119	170	47	94	34	87	351
323	131	139	44	99	29	92	386
318	123	113	42	79	29	90	401
300	134	120	46	73	45	90	400
300	134	134	48	82	47	81	379
253	135	159	46	83	47	83	384
518	325	560	134	108	147	378	1156
535	330	520	134	102	156	390	1152
527	341	393	100	94	134	374	1047
443	326	428	97	103	126	340	937
433	305	429	95	94	132	381	931
322	273	333	85	82	131	343	820
298	243	333	79	87	133	352	777
296	224	359	81	102	129	362	720
278	208	363	63	104	119	342	750
275	228	367	62	103	114	326	794
296	233	354	61	102	106	309	770
282	235	346	57	101	107	277	792
273	243	348	78	90	123	232	798
296	279	309	85	94	132	252	906
268	240	305	84	96	126	197	806
236	237	341	89	111	123	207	878
227	240	343	98	113	110	212	895
228	224	310	83	121	94	223	863
188	198	273	72	113	86	190	747
226	207	265	70	115	89	208	785
205	227	311	75	101	88	206	701
219	242	368	65	100	102	193	642
212	234	374	69	89	92	170	664
224	241	385	74	93	81	178	621
210	251	384	79	85	80	156	546
205	244	311	66	83	78	156	611
186	232	246	64	100	81	149	623
187	237	278	66	109	85	147	558
168	202	274	62	97	86	128	683
134	202	266	54	98	85	135	730
137	178	268	57	102	97	125	649
150	190	258	62	79	84	139	630
139	188	201	50	65	82	139	643
132	186	179	55	64	81	141	486
125	176	158	55	64	80	171	396
120	215	155	54	76	77	171	394
85	193	190	49	80	81	149	368
92	208	195	59	80	90	148	314
106	214	197	55	84	89	155	466
122	207	198	53	82	87	117	565
121	198	224	59	98	102	113	601
128	221	215	63	96	91	115	582
133	217	225	60	98	79	111	602
127	230	216	59	99	81	107	524
119	238	246	60	101	89	116	506
121	226	273	61	77	66	141	487
120	225	280	57	72	63	145	471
124	219	284	51	73	68	196	526
117	203	296	57	90	79	209	493
113	207	285	56	94	74	212	444
123	201	245	54	88	66	199	444
124	197	245	60	90	64	209	448
113	206	237	67	101	59	162	372
116	211	236	62	90	63	163	505
120	221	255	62	83	64	161	497
116	223	263	62	84	64	166	484
108	220	225	55	87	76	182	498
104	211	220	62	89	86	188	487
97	210	204	63	85	92	175	373
86	193	181	69	88	91	170	363
83	190	164	67	88	106	172	383
91	203	181	71	84	98	141	442
93	279	201	60	64	90	138	446
96	328	222	62	60	68	128	435
104	323	221	58	61	67	124	457
102	330	213	55	62	89	115	455
105	322	204	51	64	91	109	396
114	280	203	51	58	93	96	378
113	240	189	47	56	94	111	435
109	245	170	44	70	100	100	399
102	226	176	43	84	59	110	365
121	228	177	46	86	55	124	413
124	232	199	47	84	61	124	474
125	235	192	46	87	77	112	438
122	232	187	45	80	71	141	445
126	230	199	48	62	76	136	466
125	219	226	57	61	93	119	445
118	200	195	58	70	93	120	404
124	179	199	62	72	89	139	425
125	183	209	63	66	89	138	437
128	204	205	63	67	87	133	440
108	241	192	52	62	86	137	416
108	251	174	52	70	85	134	423
105	263	166	44	77	79	113	373
103	265	154	42	83	80	82	342
108	288	170	45	81	88	97	333
114	268	151	47	82	73	93	318
114	259	149	45	84	78	95	283
107	238	146	45	77	82	116	301
105	226	168	49	86	104	141	322
94	208	156	46	92	100	141	318
79	199	165	47	93	98	147	300
90	208	209	49	80	101	147	368
92	206	214	51	76	98	137	381
93	217	198	50	79	71	120	389
87	187	194	53	81	71	109	393
92	177	196	57	81	75	103	393
75	155	147	53	90	69	127	402
73	170	144	54	95	82	135	438
81	175	159	54	88	87	125	410
85	184	150	55	88	93	125	382
84	185	129	51	102	100	133	384
81	179	134	52	98	97	122	296
88	197	152	51	95	82	122	225
82	184	138	54	87	90	137	325
88	171	146	49	83	93	147	350
94	189	175	45	70	105	145	356
95	197	179	44	78	115	136	359
89	167	160	42	81	118	126	399
89	164	158	40	81	113	117	330
78	178	140	40	88	103	97	369
74	186	120	46	84	89	86	365
77	170	113	54	82	79	91	422
85	183	122	54	81	85	91	404
88	235	159	52	81	93	98	446
89	232	181	60	71	93	97	400
104	252	169	57	73	117	101	419
110	258	176	48	85	113	99	382
118	274	201	55	88	111	102	416
114	233	191	58	90	106	102	376
114	237	183	49	89	107	117	393
96	213	205	58	87	72	114	374
90	238	205	61	68	84	113	364
89	212	202	60	58	80	112	301
111	224	201	58	51	74	112	308
130	276	205	60	49	70	126	375
133	262	192	54	51	72	131	373
155	283	240	55	61	74	153	400
160	300	242	53	66	77	165	394
148	300	239	55	68	106	158	381
136	266	245	54	70	107	140	347
138	267	240	51	84	108	138	358
115	249	201	47	84	112	115	342
93	244	204	49	93	115	100	352
94	245	207	53	94	91	101	350
93	225	197	54	95	89	104	323
90	220	214	56	86	103	119	327
96	191	215	60	82	90	124	318
100	174	184	59	76	83	123	300
99	156	173	52	77	74	119	302
113	191	177	60	89	94	117	333
116	199	163	66	102	86	107	312
113	190	189	63	98	90	132	333
116	216	189	63	96	93	133	360
117	222	212	65	103	97	143	373
108	188	204	57	89	98	155	361
105	195	201	48	85	105	152	372
101	198	156	45	92	118	122	355
100	185	178	41	88	118	115	333
99	188	149	42	81	120	105	319
91	198	140	39	87	106	80	299
87	184	153	44	80	101	86	342
83	184	162	43	68	84	111	343
74	161	139	43	71	86	116	346
71	154	140	42	107	82	123	370
77	176	145	44	108	86	137	386
68	176	139	40	104	80	134	338
72	171	163	47	108	79	122	378
74	168	168	44	126	75	149	385
76	159	157	42	101	78	143	368
84	150	158	42	96	77	142	357
84	154	165	43	99	73	144	396
85	167	157	44	95	84	140	370
92	177	155	44	65	89	116	406
94	188	156	50	69	87	117	395
81	192	157	54	67	84	112	424
102	222	156	56	64	89	114	396
106	214	177	60	65	72	113	368
104	205	176	65	75	70	120	348
101	201	190	65	74	69	119	367
114	223	206	63	75	72	119	303
108	217	196	61	79	62	142	298
106	236	179	60	91	58	152	309
105	240	178	58	98	55	141	289
109	243	174	55	93	61	147	314
98	214	167	52	102	55	141	337
94	194	167	54	102	58	139	425
91	160	139	45	96	64	128	430
94	209	141	43	87	79	127	417
109	208	145	49	81	73	121	383
104	194	127	50	71	80	131	402
99	198	117	47	77	83	111	339
97	211	144	52	82	96	109	344
90	162	168	53	78	82	105	352
70	160	169	48	100	80	110	360
76	185	172	48	103	96	119	316
72	180	181	53	96	94	110	325
71	198	170	53	91	82	117	319
71	205	158	50	105	90	128	357
76	206	175	52	92	116	144	446
75	189	174	52	99	118	146	456
89	213	181	48	100	123	152	432
98	192	212	51	105	121	150	434
98	180	203	52	92	121	150	397
92	188	192	56	100	102	133	365
101	195	217	60	95	79	112	353
95	178	219	67	92	78	98	375
84	177	187	66	100	99	102	363
90	206	186	66	101	93	90	361
91	237	184	61	85	99	94	286
85	260	163	59	91	110	96	285
88	246	248	59	98	111	119	272
88	241	255	54	112	117	119	266
88	239	257	53	118	122	128	270
84	212	261	54	121	116	136	360
78	177	277	51	116	114	134	373
81	201	203	40	116	112	130	352
89	206	192	38	90	89	125	364
94	192	198	40	80	105	118	387
100	175	178	37	105	101	99	298
113	190	151	39	115	93	95	301
109	169	142	40	114	91	72	307
106	200	152	40	121	105	74	314
105	217	170	41	129	92	76	300
98	215	183	44	107	92	73	320
79	207	181	43	96	101	71	295
73	237	171	41	102	107	84	297
68	211	158	45	103	97	93	319
55	191	178	46	101	102	90	319
53	194	170	45	110	102	94	293
68	213	161	51	107	95	99	317
64	175	159	52	110	85	88	295
61	168	171	50	108	80	70	251
61	182	146	52	104	64	68	225
73	228	179	56	96	63	70	221
65	211	181	52	105	64	74	173
72	216	186	57	106	65	98	206
75	226	189	56	100	69	103	209
77	219	179	59	92	66	120	267
67	163	164	57	94	83	118	275
83	148	172	58	91	85	123	290
78	153	172	56	73	82	119	305
92	177	170	58	69	78	121	328
94	177	157	49	72	88	113	297
97	218	139	49	67	77	122	351
92	251	130	47	67	82	126	352
104	247	143	42	71	82	120	343
112	267	131	53	86	76	115	337
109	263	127	53	85	63	104	321
