215	805	945	168	118	379	437	583
235	849	975	177	120	394	454	652
234	831	1025	168	115	452	456	603
240	833	1036	167	87	351	437	589
261	841	1054	162	91	354	403	630
274	849	1032	190	97	365	404	660
290	777	985	195	106	358	441	683
309	773	937	199	120	297	420	639
313	813	975	201	172	364	533	708
297	791	943	203	174	369	544	714
315	841	1031	203	180	358	545	687
273	916	1058	182	174	424	578	630
246	947	1067	173	169	451	581	639
260	946	1084	168	125	402	470	562
260	957	1041	159	114	396	470	508
227	884	833	111	107	440	481	567
253	824	880	113	117	378	417	535
254	799	878	113	113	326	426	522
277	852	841	114	104	383	434	508
321	897	898	108	117	436	505	650
400	882	976	111	128	411	524	597
425	915	943	121	119	411	495	644
438	925	1003	127	127	463	487	657
433	919	1041	135	128	422	494	698
401	853	968	140	121	447	463	635
337	837	894	140	115	435	421	645
293	830	904	135	110	430	417	582
275	887	814	136	101	380	429	543
242	836	744	126	103	401	404	513
237	857	804	123	106	384	413	441
217	894	908	138	97	369	449	387
206	860	841	131	98	367	477	418
303	766	861	131	164	467	512	477
296	872	933	138	185	521	589	567
305	840	952	143	185	482	628	545
321	799	930	138	184	490	616	630
322	804	934	133	186	503	590	688
247	818	953	132	135	406	530	692
314	787	933	127	112	377	488	667
311	787	907	122	115	374	383	684
299	806	865	117	116	436	368	662
328	803	934	122	112	428	393	667
310	825	950	111	106	435	400	668
250	812	881	111	95	447	422	634
234	865	881	100	82	451	470	701
221	827	853	92	77	379	465	642
171	805	919	112	76	395	472	598
175	737	859	117	70	389	457	590
173	669	1035	132	68	284	378	570
166	652	1086	143	74	292	331	504
166	785	1168	156	77	296	318	558
174	763	1036	140	79	318	290	546
169	862	1013	133	92	361	322	564
155	892	946	119	95	372	326	647
158	827	936	122	87	352	334	657
163	720	862	103	84	349	401	636
180	751	909	106	79	311	401	625
178	667	1032	119	78	287	372	639
202	590	985	121	75	295	420	537
219	614	947	109	75	296	400	512
218	609	926	110	77	327	372	521
188	551	985	114	82	316	385	503
181	603	858	116	76	270	417	450
161	629	761	111	78	252	410	497
157	675	760	109	79	335	432	499
177	650	802	113	82	311	419	527
210	758	891	166	86	311	435	603
229	746	905	158	85	350	477	618
243	792	957	158	81	399	471	606
264	821	986	158	116	472	512	649
283	829	973	164	116	473	509	637
276	724	827	95	109	470	486	556
270	687	834	96	106	444	399	500
274	647	859	98	112	419	369	487
260	565	789	95	74	244	288	409
225	630	776	85	67	239	315	339
219	660	795	106	80	259	347	411
243	672	810	105	86	307	425	465
292	708	819	117	85	274	424	466
313	681	929	129	85	268	412	429
320	667	976	130	85	270	384	451
331	684	931	120	73	264	353	407
304	659	905	119	66	202	342	346
264	606	896	105	58	216	349	307
212	585	763	93	55	215	405	409
229	695	835	113	50	232	490	428
210	671	837	121	57	214	501	399
209	663	817	122	57	216	453	406
186	622	737	124	54	237	472	415
218	644	788	129	56	240	423	326
182	526	613	107	60	263	408	378
181	552	648	93	51	275	433	451
198	592	733	102	51	278	455	445
211	716	786	99	54	251	494	452
191	693	729	92	53	245	502	475
454	726	783	110	56	241	455	434
550	716	728	109	58	228	421	368
554	682	686	104	57	225	384	376
548	652	740	110	59	231	317	374
549	673	734	111	62	248	329	353
368	633	658	91	56	210	304	311
199	690	713	93	56	197	333	387
172	687	687	87	54	205	402	390
174	640	662	74	46	190	381	375
187	618	704	81	44	172	360	368
180	595	869	115	50	184	393	392
179	525	835	116	51	181	379	341
190	562	873	119	54	180	342	395
188	567	852	122	51	193	364	391
161	632	918	123	51	210	382	400
196	684	881	106	46	193	340	353
199	728	867	101	42	201	345	325
203	790	890	103	44	185	337	226
211	819	848	100	52	187	382	259
229	852	761	90	54	170	385	271
211	861	697	75	53	154	386	392
199	817	764	76	56	201	395	411
204	750	762	76	65	210	392	524
192	716	776	78	69	217	361	544
202	683	805	99	74	229	354	545
180	839	860	102	80	244	361	494
185	986	835	108	89	209	350	552
185	1054	759	112	104	228	365	534
184	1184	786	112	113	215	378	510
172	1222	747	95	112	194	361	532
185	1065	737	100	117	191	369	570
214	990	722	97	131	188	352	544
214	958	756	90	125	191	360	511
220	803	770	90	123	233	403	565
223	705	771	93	153	286	413	550
232	780	705	86	162	292	402	498
208	701	668	81	153	304	410	464
195	635	735	78	152	301	403	480
187	590	680	76	157	277	327	419
175	571	742	104	135	263	367	412
179	502	747	108	130	260	374	472
181	533	798	114	124	250	400	472
197	589	780	116	119	230	388	431
198	583	794	119	109	258	414	509
196	636	724	92	99	235	372	483
182	610	691	91	87	252	394	491
188	651	716	88	89	251	361	504
170	655	670	96	116	263	397	493
174	652	725	106	160	301	426	445
169	648	834	105	176	307	428	478
193	753	827	107	180	304	398	404
212	722	817	109	208	367	423	380
215	737	821	107	208	403	423	379
222	767	856	101	179	366	406	334
248	764	742	98	168	382	443	356
260	680	788	91	163	402	458	361
253	701	866	101	129	348	437	367
284	759	899	105	100	298	414	385
296	838	864	107	103	333	434	434
284	809	910	111	105	325	395	399
251	807	905	123	106	323	406	407
258	875	866	125	108	321	468	476
227	800	897	128	135	343	452	467
203	704	892	135	167	337	407	453
212	699	884	142	176	384	497	474
215	708	913	139	185	373	513	505
215	696	900	136	189	422	488	506
220	652	898	129	174	406	530	532
233	672	872	120	153	384	546	523
219	684	820	108	143	338	490	535
224	737	832	125	145	337	484	567
213	780	817	121	133	265	466	552
210	827	771	119	140	265	452	520
195	790	809	113	122	311	416	528
181	838	942	123	123	288	408	517
174	796	922	103	109	261	408	446
178	696	904	107	119	274	397	389
164	651	870	104	118	320	403	476
163	698	840	108	128	277	428	438
195	666	724	104	119	277	406	477
192	678	770	112	117	301	376	478
177	593	794	103	106	310	362	524
192	663	826	111	99	281	322	493
197	650	823	113	90	274	292	508
197	610	794	106	94	280	366	459
198	563	734	94	98	258	391	466
209	619	758	108	102	276	389	400
200	530	731	100	97	251	375	324
192	600	713	98	91	254	365	383
161	600	752	119	100	247	309	357
162	627	693	118	111	257	311	370
145	607	774	119	121	246	347	377
155	681	741	118	123	268	458	435
157	587	754	130	136	317	524	409
154	609	781	118	123	317	514	462
147	568	830	131	116	308	499	430
162	588	699	135	102	308	499	427
154	546	781	136	103	296	415	371
156	575	801	120	84	230	345	330
159	570	817	126	86	258	380	250
159	607	799	117	73	262	377	241
157	605	785	112	68	230	383	306
142	583	797	114	64	245	364	307
145	543	742	121	82	250	369	399
156	557	667	118	88	233	351	484
172	541	653	116	88	217	317	498
155	535	667	106	87	228	339	457
155	516	612	101	98	213	346	467
354	904	996	186	150	397	529	580
282	932	970	169	138	494	484	539
265	882	1020	174	124	513	593	486
266	915	1005	175	121	510	616	460
246	941	1068	179	117	503	643	470
235	880	992	144	108	460	603	482
248	856	963	142	101	391	569	491
240	863	946	138	86	366	487	577
269	876	928	165	85	423	514	590
289	899	918	174	82	412	447	577
293	881	821	160	85	458	452	572
288	864	882	164	93	476	476	578
288	894	897	170	98	449	428	491
239	860	889	137	100	384	426	452
224	799	844	122	104	439	444	425
217	792	889	128	102	410	460	440
200	730	863	141	101	365	444	491
200	781	820	131	94	355	440	478
286	853	790	139	90	360	367	469
356	876	768	143	104	356	426	575
374	868	778	141	110	341	413	552
379	932	780	118	96	304	403	463
378	885	805	113	92	307	426	478
343	843	758	92	98	422	481	481
269	836	843	85	84	375	422	400
238	834	826	80	79	380	477	415
249	784	857	106	86	441	495	452
268	738	873	107	87	463	510	450
246	659	881	107	87	469	483	432
257	707	764	104	86	474	482	439
273	729	830	113	88	458	405	407
273	722	844	95	80	387	408	375
254	785	844	106	84	401	407	465
241	813	854	104	74	289	426	432
242	739	911	106	83	301	447	406
259	686	886	104	78	296	446	435
239	720	799	101	80	342	453	447
239	698	817	98	73	338	400	366
240	687	800	95	70	319	325	372
229	659	820	106	66	384	376	392
224	735	722	97	76	434	548	490
237	754	748	97	81	432	544	578
275	772	718	98	88	517	618	562
282	776	791	103	90	518	626	562
272	799	760	108	89	557	583	536
261	780	815	109	81	556	442	477
275	800	818	112	78	539	434	351
234	804	806	104	73	430	349	351
251	839	741	106	77	439	384	425
249	804	709	95	80	320	400	440
229	807	711	105	87	295	428	389
201	802	711	96	85	286	426	397
211	766	757	101	91	318	460	447
178	712	736	93	94	318	446	394
189	748	744	84	84	303	445	494
197	720	719	71	79	293	395	484
177	620	709	81	85	353	375	508
161	660	712	77	85	356	316	492
159	694	760	81	87	386	378	548
181	667	743	90	90	385	342	448
177	749	758	113	100	364	342	444
190	755	786	120	99	327	389	448
194	724	721	119	96	363	459	416
199	715	726	125	88	321	419	334
180	748	754	122	90	326	483	350
174	707	809	107	77	388	569	453
179	711	847	111	84	418	589	464
179	693	817	112	85	357	555	488
191	727	767	104	153	412	556	534
209	734	821	106	162	410	518	529
311	780	798	115	173	394	433	471
340	857	744	104	177	462	379	530
401	927	802	105	186	488	447	564
401	945	840	113	157	471	479	544
441	979	808	114	152	469	481	529
397	1013	813	111	232	487	485	571
381	991	861	102	264	467	549	524
325	963	934	111	267	470	588	511
328	971	950	108	260	470	556	507
279	936	981	104	266	476	590	528
310	944	965	130	194	432	593	519
324	1020	1035	160	144	344	571	527
341	1018	1029	161	125	311	461	518
345	1021	995	160	141	292	481	515
335	1019	967	162	149	348	428	542
300	1020	958	142	148	355	426	480
269	991	897	120	144	344	378	427
248	997	877	119	209	407	437	435
251	1000	861	117	196	395	466	529
253	1078	934	124	182	344	451	553
301	1046	939	128	181	320	446	597
320	1044	882	131	186	385	451	593
333	999	813	134	141	403	396	572
352	983	940	165	141	412	503	529
360	935	842	164	135	405	501	460
313	881	822	164	150	427	498	476
299	798	778	157	159	416	584	537
308	862	916	156	137	350	582	580
277	952	853	146	129	334	471	540
272	912	860	145	152	349	582	592
271	897	812	134	151	369	619	565
324	946	878	147	142	351	541	519
299	966	863	150	139	349	548	455
323	1054	828	132	143	371	537	449
332	1064	826	125	128	434	426	384
348	1112	842	125	115	470	395	377
342	1129	892	133	120	498	400	358
369	1186	807	135	121	497	410	408
354	981	814	132	119	521	378	400
360	1014	845	138	126	478	376	402
377	1074	961	160	143	453	408	361
374	1029	908	153	138	429	408	430
363	881	873	139	138	432	421	409
369	918	849	142	152	413	498	447
411	867	887	142	149	398	505	501
397	729	824	122	130	388	473	532
385	717	868	110	131	403	469	495
377	828	938	118	134	404	450	467
387	848	992	120	123	404	440	438
402	907	967	123	116	419	435	444
421	983	1088	130	122	407	452	419
449	946	1052	126	125	405	470	450
473	893	968	120	126	411	472	532
475	906	907	117	125	405	393	516
418	822	844	108	122	390	390	450
382	716	581	91	121	449	384	490
332	772	540	88	113	445	366	468
300	822	684	96	109	423	333	431
324	866	692	94	102	416	333	439
306	895	712	96	99	436	341	482
305	864	748	108	99	387	372	450
306	862	776	115	100	360	409	471
310	837	780	119	95	377	441	461
292	745	808	123	101	361	465	475
329	705	820	119	114	389	498	445
408	773	860	119	110	371	549	476
407	899	916	118	101	355	513	411
422	984	858	113	109	371	494	376
398	1014	837	107	111	417	494	404
394	1113	821	110	106	355	481	401
336	1166	764	105	115	379	362	360
359	1127	803	111	129	401	376	390
354	1053	815	123	173	407	373	500
356	1067	792	122	173	382	387	548
336	1086	784	141	173	394	362	548
329	1089	786	143	174	413	409	599
299	1062	649	145	210	402	404	655
275	1029	605	133	179	379	438	590
319	1022	739	148	179	357	418	548
304	1006	917	140	181	370	441	555
315	871	899	137	177	368	416	502
362	911	922	145	135	380	403	522
451	1092	969	158	128	398	350	511
466	1070	935	151	120	386	329	515
500	1046	824	146	114	428	322	605
496	1062	812	148	140	436	412	647
460	987	902	155	127	439	411	582
393	858	919	146	124	403	420	576
369	989	896	166	125	426	470	593
353	923	926	166	133	376	473	494
326	976	965	165	111	293	412	469
332	995	861	150	109	248	425	445
303	960	782	149	104	285	440	463
303	828	816	128	106	288	437	476
306	832	725	123	94	384	452	469
312	848	683	124	78	390	475	431
356	871	695	118	81	429	453	440
356	809	673	120	101	440	490	495
323	843	622	114	103	449	517	501
321	906	665	114	103	352	487	522
355	914	735	113	105	355	431	523
334	924	738	103	108	355	499	553
343	1027	785	94	116	334	442	509
346	1051	912	102	117	297	411	430
330	1055	938	100	114	298	425	423
290	1048	946	111	115	315	457	414
262	971	938	112	126	282	450	486
251	948	943	112	138	348	472	499
284	933	889	108	146	383	508	483
277	955	904	119	146	383	532	476
295	960	927	118	163	393	575	564
291	1133	980	130	166	398	565	504
288	1113	950	133	139	336	561	460
367	1078	915	131	127	307	492	512
372	997	936	119	128	324	450	511
402	942	844	112	117	317	487	511
444	818	809	102	96	313	514	487
451	876	869	99	94	295	525	508
360	872	815	97	95	280	526	478
344	860	755	93	110	315	568	470
300	860	782	82	103	291	489	362
259	824	780	79	97	256	429	385
266	764	754	87	98	353	542	378
269	730	728	85	111	377	556	360
286	726	647	92	100	329	520	393
322	828	658	99	92	370	531	395
311	792	572	102	94	393	522	333
316	836	616	94	95	330	420	308
